1.098765e-15 5.020595e-17 -5.408266e-18 1.546869e-17 -5.803612e-19 -9.985935e-18 1.420173e-18 -4.561626e-18 3.263290e-18 -1.782466e-18 -1.964303e-18 1.849106e-17 6.907750e-19 -1.453890e-18
5.020595e-17 3.465531e-16 -1.951285e-17 3.276215e-18 9.788396e-18 7.944453e-18 -3.468567e-18 1.290269e-18 5.521703e-18 2.457010e-18 -4.188907e-18 -9.794974e-19 1.239635e-18 2.340067e-18
-5.408266e-18 -1.951285e-17 1.605484e-16 6.711183e-18 -3.854605e-19 3.152921e-18 2.186086e-18 3.048684e-18 9.036550e-19 -1.043911e-18 -6.659107e-18 -1.094514e-18 -4.180917e-18 1.993749e-18
1.546869e-17 3.276215e-18 6.711183e-18 6.750297e-17 7.003808e-18 7.646421e-19 -3.674378e-18 2.733101e-18 -1.582267e-18 1.872455e-18 -2.244413e-18 6.258342e-19 8.955951e-19 6.556699e-19
-5.803612e-19 9.788396e-18 -3.854605e-19 7.003808e-18 3.889611e-17 2.188815e-18 6.739321e-19 1.700194e-18 -1.776831e-18 -4.607507e-19 -6.156689e-19 8.558723e-20 8.621914e-19 2.634111e-19
-9.985935e-18 7.944453e-18 3.152921e-18 7.646421e-19 2.188815e-18 3.361189e-17 1.072605e-18 1.227972e-18 -7.492085e-19 -7.086344e-19 -1.878813e-18 -1.581147e-18 -1.311223e-18 -1.286268e-20
1.420173e-18 -3.468567e-18 2.186086e-18 -3.674378e-18 6.739321e-19 1.072605e-18 2.152435e-17 1.947277e-18 2.751388e-19 1.727413e-18 2.187339e-19 7.459569e-20 2.971455e-19 9.769968e-19
-4.561626e-18 1.290269e-18 3.048684e-18 2.733101e-18 1.700194e-18 1.227972e-18 1.947277e-18 1.672097e-17 3.025387e-19 1.354649e-18 -6.166686e-20 -1.146077e-20 4.422626e-19 -6.689351e-19
3.263290e-18 5.521703e-18 9.036550e-19 -1.582267e-18 -1.776831e-18 -7.492085e-19 2.751388e-19 3.025387e-19 1.641122e-17 5.069095e-19 -6.553681e-19 1.093346e-18 5.665237e-19 -2.120211e-19
-1.782466e-18 2.457010e-18 -1.043911e-18 1.872455e-18 -4.607507e-19 -7.086344e-19 1.727413e-18 1.354649e-18 5.069095e-19 1.146501e-17 1.774738e-18 7.810773e-19 9.000110e-19 7.865592e-19
-1.964303e-18 -4.188907e-18 -6.659107e-18 -2.244413e-18 -6.156689e-19 -1.878813e-18 2.187339e-19 -6.166686e-20 -6.553681e-19 1.774738e-18 1.048124e-17 -8.191072e-19 2.752561e-19 2.635946e-19
1.849106e-17 -9.794974e-19 -1.094514e-18 6.258342e-19 8.558723e-20 -1.581147e-18 7.459569e-20 -1.146077e-20 1.093346e-18 7.810773e-19 -8.191072e-19 8.582331e-18 8.930015e-19 6.093044e-19
6.907750e-19 1.239635e-18 -4.180917e-18 8.955951e-19 8.621914e-19 -1.311223e-18 2.971455e-19 4.422626e-19 5.665237e-19 9.000110e-19 2.752561e-19 8.930015e-19 6.969811e-18 7.482770e-19
-1.453890e-18 2.340067e-18 1.993749e-18 6.556699e-19 2.634111e-19 -1.286268e-20 9.769968e-19 -6.689351e-19 -2.120211e-19 7.865592e-19 2.635946e-19 6.093044e-19 7.482770e-19 2.731965e-18
